 TABLE VALIDE processing time: 0.000401 
 
 1  2  3  4  5  6  7  8  9  10  11  12  13  14  15  16  17  18  19  20  0  col:1
 2  3  4  5  6  7  8  9  10  11  12  13  14  15  16  17  18  19  20  0  1  col:2
 5  6  7  8  9  10  11  12  13  14  15  16  17  18  19  20  0  1  2  3  4  col:5
 15  16  17  18  19  20  0  1  2  3  4  5  6  7  8  9  10  11  12  13  14  col:15
 17  18  19  20  0  1  2  3  4  5  6  7  8  9  10  11  12  13  14  15  16  col:17

 0  1  4  14  16 
 0  2  7  8  11 
 0  3  13  15  20 
 0  5  6  9  19 
 0  10  12  17  18 
 1  2  5  15  17 
 1  3  8  9  12 
 1  6  7  10  20 
 1  11  13  18  19 
 2  3  6  16  18 
 2  4  9  10  13 
 2  12  14  19  20 
 3  4  7  17  19 
 3  5  10  11  14 
 4  5  8  18  20 
 4  6  11  12  15 
 5  7  12  13  16 
 6  8  13  14  17 
 7  9  14  15  18 
 8  10  15  16  19 
 9  11  16  17  20 

 0  1  1  0  0  1  0  0  0  0  0  0  0  0  0  1  0  1  0  0  0 
 0  0  1  1  0  0  1  0  0  0  0  0  0  0  0  0  1  0  1  0  0 
 0  0  0  1  1  0  0  1  0  0  0  0  0  0  0  0  0  1  0  1  0 
 0  0  0  0  1  1  0  0  1  0  0  0  0  0  0  0  0  0  1  0  1 
 1  0  0  0  0  1  1  0  0  1  0  0  0  0  0  0  0  0  0  1  0 
 0  1  0  0  0  0  1  1  0  0  1  0  0  0  0  0  0  0  0  0  1 
 1  0  1  0  0  0  0  1  1  0  0  1  0  0  0  0  0  0  0  0  0 
 0  1  0  1  0  0  0  0  1  1  0  0  1  0  0  0  0  0  0  0  0 
 0  0  1  0  1  0  0  0  0  1  1  0  0  1  0  0  0  0  0  0  0 
 0  0  0  1  0  1  0  0  0  0  1  1  0  0  1  0  0  0  0  0  0 
 0  0  0  0  1  0  1  0  0  0  0  1  1  0  0  1  0  0  0  0  0 
 0  0  0  0  0  1  0  1  0  0  0  0  1  1  0  0  1  0  0  0  0 
 0  0  0  0  0  0  1  0  1  0  0  0  0  1  1  0  0  1  0  0  0 
 0  0  0  0  0  0  0  1  0  1  0  0  0  0  1  1  0  0  1  0  0 
 0  0  0  0  0  0  0  0  1  0  1  0  0  0  0  1  1  0  0  1  0 
 0  0  0  0  0  0  0  0  0  1  0  1  0  0  0  0  1  1  0  0  1 
 1  0  0  0  0  0  0  0  0  0  1  0  1  0  0  0  0  1  1  0  0 
 0  1  0  0  0  0  0  0  0  0  0  1  0  1  0  0  0  0  1  1  0 
 0  0  1  0  0  0  0  0  0  0  0  0  1  0  1  0  0  0  0  1  1 
 1  0  0  1  0  0  0  0  0  0  0  0  0  1  0  1  0  0  0  0  1 
 1  1  0  0  1  0  0  0  0  0  0  0  0  0  1  0  1  0  0  0  0 

